Sample	FastQC (raw)_mqc-generalstats-fastqc_raw-percent_duplicates	FastQC (raw)_mqc-generalstats-fastqc_raw-percent_gc	FastQC (raw)_mqc-generalstats-fastqc_raw-avg_sequence_length	FastQC (raw)_mqc-generalstats-fastqc_raw-percent_fails	FastQC (raw)_mqc-generalstats-fastqc_raw-total_sequences	Cutadapt_mqc-generalstats-cutadapt-percent_trimmed	Trimmomatic_mqc-generalstats-trimmomatic-dropped_pct	FastQC (trimmed)_mqc-generalstats-fastqc_trimmed-percent_duplicates	FastQC (trimmed)_mqc-generalstats-fastqc_trimmed-percent_gc	FastQC (trimmed)_mqc-generalstats-fastqc_trimmed-avg_sequence_length	FastQC (trimmed)_mqc-generalstats-fastqc_trimmed-percent_fails	FastQC (trimmed)_mqc-generalstats-fastqc_trimmed-total_sequences
SE4602_J4816_S215_L001_R1_001	90.52369077306733	53.0	294.364848747696	36.36363636363637	9223.0	12.47859514144242	4.73	93.75077341913129	53.0	250.0	36.36363636363637	8081.0
SE4603_J4816_S216_L001_R1_001	94.24388469582614	56.0	277.51895971628625	36.36363636363637	10997.0	9.312693815060486	4.34	94.76916560779331	56.0	250.0	36.36363636363637	9444.0
SE4604_J4816_S217_L001_R1_001	92.2565984967663	53.0	292.4441531200839	36.36363636363637	11442.0	10.74236938408283	4.72	93.6711356466877	54.0	250.0	36.36363636363637	10144.0
SE4605_J4816_S218_L001_R1_001	91.96031474512488	53.0	295.13752993499827	36.36363636363637	8769.0	10.131867843118767	4.31	93.23166120494076	53.0	250.0	36.36363636363637	7934.0
SE4606_J4816_S219_L001_R1_001	93.26953748006379	52.0	297.0166932482722	36.36363636363637	9405.0	9.162117060655566	4.6	93.69640787949015	53.0	250.0	36.36363636363637	8630.0
SE4607_J4816_S220_L001_R1_001	94.9216958259616	53.0	298.93643928969266	36.36363636363637	15261.0	7.670494333896697	4.88	95.1448160067161	53.0	250.0	36.36363636363637	14294.0
SE4608_J4816_S221_L001_R1_001	94.07646742057081	52.0	296.7943687975998	36.36363636363637	12999.0	8.647924159238233	4.74	95.33077180086869	53.0	250.0	36.36363636363637	11972.0
SE4609_J4816_S222_L001_R1_001	91.71775953444872	53.0	293.58121168034916	36.36363636363637	9623.0	11.697833088254555	4.4	93.97859578972127	53.0	250.0	36.36363636363637	8503.0
SE4610_J4816_S223_L001_R1_001	93.89095308044587	55.0	297.27598721161326	36.36363636363637	11573.0	8.8106804660311	4.2	95.10691941357736	56.0	250.0	36.36363636363637	10709.0
SE4611_J4816_S224_L001_R1_001	91.73833724263747	54.0	294.6656241855616	36.36363636363637	7674.0	10.302439205550517	4.54	94.19093147906707	54.0	250.0	36.36363636363637	6903.0
SE4612_J4816_S225_L001_R1_001	93.16922073687643	53.0	298.0598304532116	36.36363636363637	12268.0	8.816257398784465	5.55	94.02333659926961	53.0	250.0	36.36363636363637	11227.0
SE4613_J4816_S226_L001_R1_001	93.25472700233695	54.0	296.0371786700659	36.36363636363637	9414.0	9.576106758563748	3.8	94.76609541454377	54.0	250.0	36.36363636363637	8636.0
SE4614_J4816_S227_L001_R1_001	92.31335436382756	54.0	295.8977917981073	36.36363636363637	9510.0	10.275145049311613	5.49	94.08652715730074	54.0	250.0	36.36363636363637	8506.0
SE4615_J4816_S228_L001_R1_001	92.07291225095379	53.0	295.6376642645189	36.36363636363637	9436.0	10.282257413798112	4.24	93.71120740133505	53.0	250.0	36.36363636363637	8539.0
SE4616_J4816_S229_L001_R1_001	94.56827121183743	52.0	297.3662670912156	36.36363636363637	10678.0	8.02784205205256	3.1	95.06735340729001	52.0	250.0	36.36363636363637	10096.0
SE4617_J4816_S230_L001_R1_001	91.74715735419977	54.0	293.9826384643599	36.36363636363637	8179.0	10.494241768771593	4.79	93.866958065838	54.0	250.0	36.36363636363637	7321.0
SE4618_J4816_S231_L001_R1_001	93.87558972566836	53.0	297.22627992311726	36.36363636363637	11446.0	9.189361967404396	4.93	94.87008024455483	53.0	250.0	36.36363636363637	10468.0
SE4619_J4816_S232_L001_R1_001	93.82556459584822	51.0	297.60512508554484	36.36363636363637	13151.0	9.025510961503722	4.29	94.94733377221857	51.0	250.0	36.36363636363637	12152.0
SE4620_J4816_S233_L001_R1_001	94.05909306367515	56.0	297.5944066993206	36.36363636363637	12658.0	8.546077888627615	4.19	95.03865431993883	56.0	250.0	36.36363636363637	11771.0
SE4621_J4816_S234_L001_R1_001	92.86124401913875	54.0	296.74105263157895	36.36363636363637	10450.0	9.48928086488439	4.26	94.40676197432954	54.0	250.0	36.36363636363637	9583.0
SE4622_J4816_S235_L001_R1_001	93.13313117480192	52.0	295.9390589846425	36.36363636363637	10223.0	9.490004733111705	3.75	94.39829605963791	52.0	250.0	36.36363636363637	9390.0
SE4623_J4816_S236_L001_R1_001	92.88132116114473	51.0	296.73874243512154	36.36363636363637	9749.0	9.819125642099998	3.71	94.3979466577391	51.0	250.0	36.36363636363637	8961.0
SE4624_J4816_S237_L001_R1_001	93.35837459450231	52.0	296.58630698309713	36.36363636363637	11714.0	8.81003515375165	4.68	94.91839762611276	52.0	250.0	36.36363636363637	10784.0
SE4625_J4816_S238_L001_R1_001	93.07873090481786	53.0	298.5855464159812	36.36363636363637	8510.0	8.16457671184201	4.66	93.55936475926393	53.0	250.0	36.36363636363637	7934.0
SE4626_J4816_S239_L001_R1_001	94.40058175773946	52.0	298.1490754207355	36.36363636363637	9626.0	8.099257017588155	3.59	95.06499228905045	52.0	250.0	36.36363636363637	9078.0
SE4627_J4816_S240_L001_R1_001	92.90669980325153	53.0	295.5419902661282	36.36363636363637	9657.0	10.001376109685395	3.84	94.80548939548599	53.0	250.0	36.36363636363637	8817.0
SE4628_J4816_S241_L001_R1_001	94.01949944718062	53.0	296.7074077796764	36.36363636363637	9949.0	8.4982803236711	4.15	94.72318339100346	53.0	250.0	36.36363636363637	9248.0
SE4629_J4816_S242_L001_R1_001	93.95840803155252	55.0	296.53137325206166	36.36363636363637	11156.0	9.171550595894779	8.47	95.36565491953554	55.0	250.0	36.36363636363637	9818.0
SE4630_J4816_S243_L001_R1_001	94.89288619723402	53.0	296.12709030100336	36.36363636363637	11063.0	8.130879662712372	8.1	95.33705017739483	52.0	250.0	36.36363636363637	9865.0
SE4631_J4816_S244_L001_R1_001	92.90489348426776	52.0	297.47196719850257	36.36363636363637	11219.0	9.611346851278135	4.01	94.94186046511628	52.0	250.0	36.36363636363637	10320.0
SE4632_J4816_S245_L001_R1_001	93.69702434625789	52.0	297.2207394048693	36.36363636363637	11090.0	8.653749614396354	4.01	94.39270469538222	52.0	250.0	36.36363636363637	10308.0
SE4633_J4816_S246_L001_R1_001	95.22255192878339	52.0	296.42067260138475	36.36363636363637	10110.0	7.272076142109955	3.66	94.68497746094978	52.0	250.0	36.36363636363637	9539.0
SE4634_J4816_S247_L001_R1_001	94.352432877276	51.0	297.52926653636456	36.36363636363637	9721.0	8.511684581273707	3.63	94.87461504619446	51.0	250.0	36.36363636363637	9092.0
SE4635_J4816_S248_L001_R1_001	95.09137958919618	53.0	296.0751253436843	36.36363636363637	12366.0	7.406161709451083	4.29	94.9965433805738	52.0	250.0	36.36363636363637	11572.0
SE4636_J4816_S249_L001_R1_001	95.62005670795403	52.0	300.38740486494555	36.36363636363637	13402.0	7.008641641241556	3.9	95.50167615186716	51.0	250.0	36.36363636363637	12827.0
SE4637_J4816_S250_L001_R1_001	95.87612822906941	52.0	300.5644257703081	36.36363636363637	12852.0	7.0518290329416065	4.0	95.473049991858	52.0	250.0	36.36363636363637	12282.0
SE4638_J4816_S251_L001_R1_001	95.31552018192154	53.0	299.90699260943717	36.36363636363637	8795.0	6.714327863643585	4.62	94.59620660861268	53.0	250.0	36.36363636363637	8383.0
SE4639_J4816_S252_L001_R1_001	94.58735886392736	52.0	300.6147130718193	36.36363636363637	8591.0	6.830866651940211	3.84	93.97283531409168	52.0	250.0	36.36363636363637	8246.0
SE4640_J4816_S253_L001_R1_001	94.95929118773947	51.0	299.6640325670498	36.36363636363637	8352.0	6.7925464213827045	4.74	93.94587791063562	51.0	250.0	36.36363636363637	7945.0
SE4641_J4816_S254_L001_R1_001	94.79553903345725	52.0	300.72425103870546	36.36363636363637	9146.0	6.782202911606514	3.53	93.62160935194643	52.0	250.0	36.36363636363637	8811.0
SE4642_J4816_S255_L001_R1_001	95.1188986232791	53.0	300.709324155194	36.36363636363637	9588.0	6.769340066341637	4.46	94.16329653514045	53.0	250.0	36.36363636363637	9149.0
SE4643_J4816_S256_L001_R1_001	95.61111488552211	52.0	300.2890141993342	36.36363636363637	14719.0	6.7604475632836625	4.92	95.08548537091352	52.0	250.0	36.36363636363637	13979.0
SE4644_J4816_S257_L001_R1_001	96.16633037985788	52.0	300.82217738398106	36.36363636363637	11399.0	6.779264490146207	4.9	95.02078521939954	52.0	250.0	36.36363636363637	10825.0
SE4645_J4816_S258_L001_R1_001	95.43512480323814	52.0	300.5612772655723	36.36363636363637	8894.0	6.7569240667074375	3.65	94.48598130841121	52.0	250.0	36.36363636363637	8560.0
SE4646_J4816_S259_L001_R1_001	95.51388313302942	52.0	300.6729175300456	36.36363636363637	9652.0	6.776002426364657	4.59	94.60693704468848	52.0	250.0	36.36363636363637	9197.0
SE4647_J4816_S260_L001_R1_001	95.73150033944331	54.0	300.7477087576375	36.36363636363637	11784.0	6.802419887369922	5.33	95.16027655562539	54.0	250.0	36.36363636363637	11137.0
SE4648_J4816_S261_L001_R1_001	95.80387048753256	52.0	300.6525865277261	36.36363636363637	10748.0	6.762121050276873	5.77	95.01779359430606	52.0	250.0	36.36363636363637	10116.0
